1 1 0 1
1 1 0 1
1 1 0 1
1 1 0 1
1 1 0 1
1 1 0 1
1 1 0 1
1 1 0 1
0 1 0 0
0 1 0 0
0 1 0 0
0 1 0 0
0 1 0 0
0 1 0 0
0 1 0 0
0 1 0 0
1 1 1 2
1 1 1 2
1 1 1 2
1 1 1 2
1 1 1 2
1 1 1 2
1 1 1 2
1 1 0 1
0 1 0 0
0 1 0 0
0 1 0 0
0 1 0 0
0 1 0 0
0 1 0 0
0 1 0 0
0 1 0 0
1 1 2 3
1 1 2 3
1 1 2 3
1 1 2 3
1 1 2 3
1 1 2 3
1 1 1 2
1 1 0 1
0 1 0 0
0 1 0 0
0 1 0 0
0 1 0 0
0 1 0 0
0 1 0 0
0 1 0 0
0 1 0 0
1 1 3 4
1 1 3 4
1 1 3 4
1 1 3 4
1 1 3 4
1 1 2 3
1 1 1 2
1 1 0 1
0 1 0 0
0 1 0 0
0 1 0 0
0 1 0 0
0 1 0 0
0 1 0 0
0 1 0 0
0 1 0 0
1 1 4 5
1 1 4 5
1 1 4 5
1 1 4 5
1 1 3 4
1 1 2 3
1 1 1 2
1 1 0 1
0 1 0 0
0 1 0 0
0 1 0 0
0 1 0 0
0 1 0 0
0 1 0 0
0 1 0 0
0 1 0 0
1 1 5 6
1 1 5 6
1 1 5 6
1 1 4 5
1 1 3 4
1 1 2 3
1 1 1 2
1 1 0 1
0 1 0 0
0 1 0 0
0 1 0 0
0 1 0 0
0 1 0 0
0 1 0 0
0 1 0 0
0 1 0 0
1 1 6 7
1 1 6 7
1 1 5 6
1 1 4 5
1 1 3 4
1 1 2 3
1 1 1 2
1 1 0 1
0 1 0 0
0 1 0 0
0 1 0 0
0 1 0 0
0 1 0 0
0 1 0 0
0 1 0 0
0 1 0 0
1 1 7 8
1 1 6 7
1 1 5 6
1 1 4 5
1 1 3 4
1 1 2 3
1 1 1 2
1 1 0 1
0 1 0 0
0 1 0 0
0 1 0 0
0 1 0 0
0 1 0 0
0 1 0 0
0 1 0 0
0 1 0 0
1 0 7 7
1 0 6 6
1 0 5 5
1 0 4 4
1 0 3 3
1 0 2 2
1 0 1 1
1 0 0 0
0 0 0 0
0 0 0 0
0 0 0 0
0 0 0 0
0 0 0 0
0 0 0 0
0 0 0 0
0 0 0 0
1 0 6 6
1 0 5 5
1 0 4 4
1 0 3 3
1 0 2 2
1 0 1 1
1 0 0 0
1 0 0 0
0 0 0 0
0 0 0 0
0 0 0 0
0 0 0 0
0 0 0 0
0 0 0 0
0 0 0 0
0 0 0 0
1 0 5 5
1 0 4 4
1 0 3 3
1 0 2 2
1 0 1 1
1 0 0 0
1 0 0 0
1 0 0 0
0 0 0 0
0 0 0 0
0 0 0 0
0 0 0 0
0 0 0 0
0 0 0 0
0 0 0 0
0 0 0 0
1 0 4 4
1 0 3 3
1 0 2 2
1 0 1 1
1 0 0 0
1 0 0 0
1 0 0 0
1 0 0 0
0 0 0 0
0 0 0 0
0 0 0 0
0 0 0 0
0 0 0 0
0 0 0 0
0 0 0 0
0 0 0 0
1 0 3 3
1 0 2 2
1 0 1 1
1 0 0 0
1 0 0 0
1 0 0 0
1 0 0 0
1 0 0 0
0 0 0 0
0 0 0 0
0 0 0 0
0 0 0 0
0 0 0 0
0 0 0 0
0 0 0 0
0 0 0 0
1 0 2 2
1 0 1 1
1 0 0 0
1 0 0 0
1 0 0 0
1 0 0 0
1 0 0 0
1 0 0 0
0 0 0 0
0 0 0 0
0 0 0 0
0 0 0 0
0 0 0 0
0 0 0 0
0 0 0 0
0 0 0 0
1 0 1 1
1 0 0 0
1 0 0 0
1 0 0 0
1 0 0 0
1 0 0 0
1 0 0 0
1 0 0 0
0 0 0 0
0 0 0 0
0 0 0 0
0 0 0 0
0 0 0 0
0 0 0 0
0 0 0 0
0 0 0 0
1 0 0 0
1 0 0 0
1 0 0 0
1 0 0 0
1 0 0 0
1 0 0 0
1 0 0 0
1 0 0 0
0 0 0 0
0 0 0 0
0 0 0 0
0 0 0 0
0 0 0 0
0 0 0 0
0 0 0 0
0 0 0 0
0 0 0 0 0 0 0 0 1 1 1 1 1 1 1 1 
[0] 0000000000000000 [0] 0000000000000000 [0] 0000000000000000 [0] 0000000000000000 [0] 0000000000000000 [0] 0000000000000000 [0] 0000000000000000 [0] 0000000000000000 [1] 0000000000000001 [1] 0000000000000001 [1] 0000000000000001 [1] 0000000000000001 [1] 0000000000000001 [1] 0000000000000001 [1] 0000000000000001 [1] 0000000000000001 

0 0 0 0 0 0 0 0 1 1 1 1 1 1 1 1 
[0] 0000000000000000 [0] 0000000000000000 [0] 0000000000000000 [0] 0000000000000000 [0] 0000000000000000 [0] 0000000000000000 [0] 0000000000000000 [0] 0000000000000000 [1] 0000000000000001 [1] 0000000000000001 [1] 0000000000000001 [1] 0000000000000001 [1] 0000000000000001 [1] 0000000000000001 [1] 0000000000000001 [1] 0000000000000001 

113 28271 26995 28261 29816 25901 28265 24941 0 0 0 0 0 0 0 0 
[113] 0000000001110001 [28271] 0110111001101111 [26995] 0110100101110011 [28261] 0110111001100101 [29816] 0111010001111000 [25901] 0110010100101101 [28265] 0110111001101001 [24941] 0110000101101101 [0] 0000000000000000 [0] 0000000000000000 [0] 0000000000000000 [0] 0000000000000000 [0] 0000000000000000 [0] 0000000000000000 [0] 0000000000000000 [0] 0000000000000000 

0 0 0 0 0 0 0 0 2 2 2 2 2 2 2 2 
[0] 0000000000000000 [0] 0000000000000000 [0] 0000000000000000 [0] 0000000000000000 [0] 0000000000000000 [0] 0000000000000000 [0] 0000000000000000 [0] 0000000000000000 [2] 0000000000000010 [2] 0000000000000010 [2] 0000000000000010 [2] 0000000000000010 [2] 0000000000000010 [2] 0000000000000010 [2] 0000000000000010 [2] 0000000000000010 

113 0 - multiplication failed!
28271 1 - multiplication failed!
26995 2 - multiplication failed!
28261 3 - multiplication failed!
29816 4 - multiplication failed!
25901 5 - multiplication failed!
28265 6 - multiplication failed!
24941 7 - multiplication failed!
0 8 - multiplication failed!
0 7 - multiplication failed!
0 6 - multiplication failed!
0 5 - multiplication failed!
0 4 - multiplication failed!
0 3 - multiplication failed!
0 2 - multiplication failed!
0 1 - multiplication failed!
