1 1 0 1
1 1 0 1
1 1 0 1
1 1 0 1
1 1 0 1
1 1 0 1
1 1 0 1
1 1 0 1
0 1 0 0
0 1 0 0
0 1 0 0
0 1 0 0
0 1 0 0
0 1 0 0
0 1 0 0
0 1 0 0
1 1 1 2
1 1 1 2
1 1 1 2
1 1 1 2
1 1 1 2
1 1 1 2
1 1 1 2
1 1 0 1
0 1 0 0
0 1 0 0
0 1 0 0
0 1 0 0
0 1 0 0
0 1 0 0
0 1 0 0
0 1 0 0
1 1 2 3
1 1 2 3
1 1 2 3
1 1 2 3
1 1 2 3
1 1 2 3
1 1 1 2
1 1 0 1
0 1 0 0
0 1 0 0
0 1 0 0
0 1 0 0
0 1 0 0
0 1 0 0
0 1 0 0
0 1 0 0
1 1 3 4
1 1 3 4
1 1 3 4
1 1 3 4
1 1 3 4
1 1 2 3
1 1 1 2
1 1 0 1
0 1 0 0
0 1 0 0
0 1 0 0
0 1 0 0
0 1 0 0
0 1 0 0
0 1 0 0
0 1 0 0
1 1 4 5
1 1 4 5
1 1 4 5
1 1 4 5
1 1 3 4
1 1 2 3
1 1 1 2
1 1 0 1
0 1 0 0
0 1 0 0
0 1 0 0
0 1 0 0
0 1 0 0
0 1 0 0
0 1 0 0
0 1 0 0
1 1 5 6
1 1 5 6
1 1 5 6
1 1 4 5
1 1 3 4
1 1 2 3
1 1 1 2
1 1 0 1
0 1 0 0
0 1 0 0
0 1 0 0
0 1 0 0
0 1 0 0
0 1 0 0
0 1 0 0
0 1 0 0
1 1 6 7
1 1 6 7
1 1 5 6
1 1 4 5
1 1 3 4
1 1 2 3
1 1 1 2
1 1 0 1
0 1 0 0
0 1 0 0
0 1 0 0
0 1 0 0
0 1 0 0
0 1 0 0
0 1 0 0
0 1 0 0
1 1 7 8
1 1 6 7
1 1 5 6
1 1 4 5
1 1 3 4
1 1 2 3
1 1 1 2
1 1 0 1
0 1 0 0
0 1 0 0
0 1 0 0
0 1 0 0
0 1 0 0
0 1 0 0
0 1 0 0
0 1 0 0
1 0 7 7
1 0 6 6
1 0 5 5
1 0 4 4
1 0 3 3
1 0 2 2
1 0 1 1
1 0 0 0
0 0 0 0
0 0 0 0
0 0 0 0
0 0 0 0
0 0 0 0
0 0 0 0
0 0 0 0
0 0 0 0
1 0 6 6
1 0 5 5
1 0 4 4
1 0 3 3
1 0 2 2
1 0 1 1
1 0 0 0
1 0 0 0
0 0 0 0
0 0 0 0
0 0 0 0
0 0 0 0
0 0 0 0
0 0 0 0
0 0 0 0
0 0 0 0
1 0 5 5
1 0 4 4
1 0 3 3
1 0 2 2
1 0 1 1
1 0 0 0
1 0 0 0
1 0 0 0
0 0 0 0
0 0 0 0
0 0 0 0
0 0 0 0
0 0 0 0
0 0 0 0
0 0 0 0
0 0 0 0
1 0 4 4
1 0 3 3
1 0 2 2
1 0 1 1
1 0 0 0
1 0 0 0
1 0 0 0
1 0 0 0
0 0 0 0
0 0 0 0
0 0 0 0
0 0 0 0
0 0 0 0
0 0 0 0
0 0 0 0
0 0 0 0
1 0 3 3
1 0 2 2
1 0 1 1
1 0 0 0
1 0 0 0
1 0 0 0
1 0 0 0
1 0 0 0
0 0 0 0
0 0 0 0
0 0 0 0
0 0 0 0
0 0 0 0
0 0 0 0
0 0 0 0
0 0 0 0
1 0 2 2
1 0 1 1
1 0 0 0
1 0 0 0
1 0 0 0
1 0 0 0
1 0 0 0
1 0 0 0
0 0 0 0
0 0 0 0
0 0 0 0
0 0 0 0
0 0 0 0
0 0 0 0
0 0 0 0
0 0 0 0
1 0 1 1
1 0 0 0
1 0 0 0
1 0 0 0
1 0 0 0
1 0 0 0
1 0 0 0
1 0 0 0
0 0 0 0
0 0 0 0
0 0 0 0
0 0 0 0
0 0 0 0
0 0 0 0
0 0 0 0
0 0 0 0
1 0 0 0
1 0 0 0
1 0 0 0
1 0 0 0
1 0 0 0
1 0 0 0
1 0 0 0
1 0 0 0
0 0 0 0
0 0 0 0
0 0 0 0
0 0 0 0
0 0 0 0
0 0 0 0
0 0 0 0
0 0 0 0
0 0 0 0 0 0 0 0 1 1 1 1 1 1 1 1 [0 0 0 0 ]
[0] 0000000000000000 [0] 0000000000000000 [0] 0000000000000000 [0] 0000000000000000 [0] 0000000000000000 [0] 0000000000000000 [0] 0000000000000000 [0] 0000000000000000 [1] 0000000000000001 [1] 0000000000000001 [1] 0000000000000001 [1] 0000000000000001 [1] 0000000000000001 [1] 0000000000000001 [1] 0000000000000001 [1] 0000000000000001 

0 0 0 0 0 0 0 0 1 1 1 1 1 1 1 1 [0 0 0 0 ]
[0] 0000000000000000 [0] 0000000000000000 [0] 0000000000000000 [0] 0000000000000000 [0] 0000000000000000 [0] 0000000000000000 [0] 0000000000000000 [0] 0000000000000000 [1] 0000000000000001 [1] 0000000000000001 [1] 0000000000000001 [1] 0000000000000001 [1] 0000000000000001 [1] 0000000000000001 [1] 0000000000000001 [1] 0000000000000001 

0 1 2 3 4 5 6 7 8 7 6 5 4 3 2 1 [0 0 0 0 ]
[0] 0000000000000000 [1] 0000000000000001 [2] 0000000000000010 [3] 0000000000000011 [4] 0000000000000100 [5] 0000000000000101 [6] 0000000000000110 [7] 0000000000000111 [8] 0000000000001000 [7] 0000000000000111 [6] 0000000000000110 [5] 0000000000000101 [4] 0000000000000100 [3] 0000000000000011 [2] 0000000000000010 [1] 0000000000000001 

0 0 0 0 0 0 0 0 2 2 2 2 2 2 2 2 [0 0 0 0 ]
[0] 0000000000000000 [0] 0000000000000000 [0] 0000000000000000 [0] 0000000000000000 [0] 0000000000000000 [0] 0000000000000000 [0] 0000000000000000 [0] 0000000000000000 [2] 0000000000000010 [2] 0000000000000010 [2] 0000000000000010 [2] 0000000000000010 [2] 0000000000000010 [2] 0000000000000010 [2] 0000000000000010 [2] 0000000000000010 

